0 1
0 2
0 3
0 4
0 5
0 7
0 11
0 14
0 17
0 25
0 31
0 39
0 43
0 105
0 120
0 124
0 131
0 137
0 151
0 166
0 179
0 184
0 196
1 2
1 3
1 4
1 5
1 95
1 143
1 185
2 3
2 4
2 6
2 7
2 8
2 11
2 12
2 18
2 19
2 20
2 28
2 31
2 51
2 56
2 63
2 82
2 97
2 163
3 4
3 5
3 8
3 10
3 15
3 16
3 23
3 34
3 37
3 39
3 42
3 53
3 152
3 168
4 5
4 7
4 11
4 24
4 26
4 31
4 32
4 38
4 44
4 59
4 67
4 107
4 183
4 186
5 32
5 48
5 87
5 88
5 98
5 106
5 121
5 128
5 135
5 139
5 153
5 161
5 199
5 22
5 8
5 7
5 9
5 16
5 17
5 18
5 30
6 15
6 20
6 30
6 114
6 164
6 178
6 22
6 31
7 9
7 10
7 22
7 23
7 49
7 96
7 110
7 127
7 129
7 170
7 171
7 181
7 8
7 18
7 21
8 13
8 14
8 17
8 21
8 26
8 27
8 35
8 68
8 78
8 90
8 115
8 134
8 145
8 160
8 176
8 10
8 15
8 20
8 33
9 10
9 12
9 15
9 24
9 45
9 65
9 69
9 94
9 140
9 167
9 189
9 192
10 12
10 36
10 58
10 101
10 123
10 158
10 21
10 22
10 29
10 32
10 33
11 25
11 38
11 42
11 44
11 52
11 64
11 66
11 83
11 89
11 133
11 136
11 188
12 19
12 94
12 102
12 116
13 21
13 73
13 108
13 155
13 22
14 27
14 61
14 112
14 130
14 160
14 172
15 20
15 60
15 81
15 117
15 138
15 22
15 23
16 26
16 132
16 22
16 24
16 29
16 35
17 27
17 77
17 141
17 157
18 28
18 79
18 100
19 72
19 142
20 30
20 40
20 54
20 55
20 85
20 122
20 174
20 175
20 187
20 197
21 29
21 43
21 144
21 148
21 194
22 93
22 118
22 165
22 169
22 28
22 30
23 90
23 113
23 144
25 38
25 39
25 44
25 46
25 47
25 70
25 74
25 76
25 80
25 86
25 99
25 103
25 109
25 119
25 126
25 147
25 150
25 162
25 173
25 191
25 42
26 57
27 41
27 75
27 154
27 159
27 180
27 182
27 190
27 198
28 50
28 104
28 111
28 156
28 195
30 33
30 62
30 91
30 92
30 146
30 149
31 71
31 84
31 125
31 177
31 41
32 41
32 193
33 37
33 40
